1	760000	1240000
1	1240000	1840000
1	1840000	2320000
1	2320000	3640000
1	3640000	4560000
1	4560000	6000000
1	6000000	6200000
1	6200000	6440000
1	6440000	7200000
1	7200000	7640000
1	7640000	7920000
1	7920000	8440000
1	8440000	9040000
1	9040000	9720000
1	9720000	10440000
1	10440000	11000000
1	11000000	11240000
1	11240000	12040000
1	12040000	12800000
1	13040000	13120000
1	13640000	14000000
1	14000000	14760000
1	14760000	15720000
1	15720000	15960000
1	15960000	16280000
1	16280000	16720000
1	16720000	17160000
1	17160000	17600000
1	17600000	17840000
1	17840000	18800000
1	18800000	19080000
1	19080000	19480000
1	19480000	19880000
1	19880000	20080000
1	20080000	20720000
1	20720000	20880000
1	20880000	21400000
1	21400000	21840000
1	21840000	22200000
1	22200000	22640000
1	22640000	22880000
1	22880000	23160000
1	23160000	23480000
1	23480000	23960000
1	23960000	24160000
1	24160000	24840000
1	24840000	25440000
1	25440000	25760000
1	25760000	26040000
1	26040000	26240000
1	26240000	26680000
1	26680000	27160000
1	27160000	27520000
1	27520000	27920000
1	27920000	28840000
1	28840000	29400000
1	29400000	31200000
1	31200000	31400000
1	31400000	31880000
1	31880000	32440000
1	32440000	32600000
1	32600000	33120000
1	33120000	33320000
1	33320000	33720000
1	33720000	34400000
1	34400000	35080000
1	35080000	35360000
1	35360000	35800000
1	35800000	36040000
1	36040000	36320000
1	36320000	36720000
1	36720000	37720000
1	37720000	38040000
1	38040000	38840000
1	38840000	39320000
1	39320000	40000000
1	40000000	40280000
1	40280000	40760000
1	40760000	41240000
1	41240000	41720000
1	41720000	42400000
1	42400000	43000000
1	43000000	43400000
1	43400000	43960000
1	43960000	44280000
1	44280000	44960000
1	44960000	45840000
1	45840000	46640000
1	46640000	46960000
1	46960000	47600000
1	47600000	47960000
1	47960000	48480000
1	48480000	48760000
1	48760000	50600000
1	50600000	51000000
1	51000000	51560000
1	51560000	52040000
1	52040000	52600000
1	52600000	52920000
1	52920000	53480000
1	53480000	54000000
1	54000000	54280000
1	54280000	55280000
1	55280000	57040000
1	57040000	58880000
1	58880000	60120000
1	60120000	61080000
1	61080000	61280000
1	61280000	62400000
1	62400000	62680000
1	62680000	63040000
1	63040000	63800000
1	63800000	64480000
1	64480000	65080000
1	65080000	65280000
1	65280000	65960000
1	65960000	67000000
1	67000000	67440000
1	67440000	67760000
1	67760000	68000000
1	68000000	68320000
1	68320000	68680000
1	68680000	70440000
1	70440000	70760000
1	70760000	71320000
1	71320000	71800000
1	71800000	72840000
1	72840000	74040000
1	74040000	74280000
1	74280000	75000000
1	75000000	75480000
1	75480000	76040000
1	76040000	78360000
1	78360000	78920000
1	78920000	80400000
1	80400000	81040000
1	81040000	81480000
1	81480000	83000000
1	83000000	84120000
1	84120000	85520000
1	85520000	86600000
1	86600000	87000000
1	87000000	87360000
1	87360000	88960000
1	88960000	89160000
1	89160000	89720000
1	89720000	90040000
1	90040000	90280000
1	90280000	90960000
1	90960000	91720000
1	91720000	92200000
1	92200000	92560000
1	92560000	93080000
1	93080000	93400000
1	93400000	93840000
1	93840000	94160000
1	94160000	94720000
1	94720000	95080000
1	95080000	95320000
1	95320000	97240000
1	97240000	99000000
1	99000000	99400000
1	99400000	100000000
1	100000000	101160000
1	101160000	101720000
1	101720000	102720000
1	102720000	103560000
1	103880000	104640000
1	104640000	104960000
1	104960000	106160000
1	106160000	107560000
1	107560000	108120000
1	108120000	108800000
1	108800000	109040000
1	109040000	109280000
1	109280000	109880000
1	109880000	110400000
1	110400000	110840000
1	110840000	111480000
1	111480000	111800000
1	111800000	112120000
1	112120000	112720000
1	112720000	113040000
1	113040000	113440000
1	113440000	114120000
1	114120000	115440000
1	115440000	116120000
1	116120000	116440000
1	116440000	116880000
1	116880000	117400000
1	117400000	117840000
1	117840000	118320000
1	118320000	120360000
1	120840000	121040000
1	141520000	142120000
1	142120000	142200000
1	143560000	143760000
1	144080000	144480000
1	144960000	146280000
1	147280000	148080000
1	148080000	148440000
1	148440000	149280000
1	149280000	149520000
1	149520000	150120000
1	150120000	150280000
1	150280000	151120000
1	151120000	151560000
1	151560000	151880000
1	151880000	152040000
1	152040000	152400000
1	152400000	153440000
1	153440000	154640000
1	154640000	154920000
1	154920000	155280000
1	155360000	155760000
1	155760000	156200000
1	156200000	156360000
1	156360000	156720000
1	156720000	157360000
1	157360000	158320000
1	158320000	158640000
1	158640000	158880000
1	158880000	159400000
1	159400000	159680000
1	159680000	160000000
1	160000000	160840000
1	160840000	161040000
1	161040000	161560000
1	161560000	163360000
1	163360000	163600000
1	163600000	163840000
1	163840000	164160000
1	164160000	165120000
1	165120000	165480000
1	165480000	165960000
1	165960000	166440000
1	166440000	167800000
1	167800000	168120000
1	168120000	169200000
1	169200000	169840000
1	169840000	170240000
1	170240000	170680000
1	170680000	170960000
1	170960000	171640000
1	171640000	172120000
1	172120000	172480000
1	172480000	173000000
1	173000000	173240000
1	173240000	174600000
1	174600000	174760000
1	174760000	175120000
1	175120000	175400000
1	175400000	176200000
1	176200000	176520000
1	176520000	176720000
1	176720000	177320000
1	177320000	178080000
1	178080000	178480000
1	178480000	178720000
1	178720000	179120000
1	179120000	179440000
1	179440000	179680000
1	179680000	180320000
1	180320000	181080000
1	181080000	181480000
1	181480000	181880000
1	181880000	182160000
1	182160000	183000000
1	183000000	183440000
1	183440000	183920000
1	183920000	184640000
1	184640000	185240000
1	185240000	187480000
1	187640000	187920000
1	187920000	188680000
1	188800000	190200000
1	190200000	190720000
1	190720000	191360000
1	191360000	192680000
1	192680000	194120000
1	194120000	194960000
1	194960000	195400000
1	195400000	195600000
1	195600000	196160000
1	196160000	196960000
1	196960000	197800000
1	197800000	198800000
1	198800000	199360000
1	199360000	199640000
1	199640000	200400000
1	200400000	201240000
1	201240000	201520000
1	201520000	202080000
1	202080000	202720000
1	202720000	204000000
1	204000000	204200000
1	204320000	204480000
1	204640000	205240000
1	205240000	206040000
1	206040000	208040000
1	208040000	208600000
1	208600000	209520000
1	209520000	209920000
1	209920000	210280000
1	210280000	210680000
1	210680000	211320000
1	211320000	212440000
1	212440000	212880000
1	212880000	213920000
1	213920000	214480000
1	214480000	214880000
1	214880000	216120000
1	216120000	216480000
1	216480000	218080000
1	218080000	219040000
1	219040000	219680000
1	219680000	220960000
1	220960000	221360000
1	221360000	221960000
1	221960000	222280000
1	222280000	222680000
1	222680000	223680000
1	223680000	224320000
1	224320000	224640000
1	224640000	225120000
1	225120000	225720000
1	225720000	226760000
1	226920000	227480000
1	227480000	227760000
1	227760000	228840000
1	228840000	229480000
1	229480000	229880000
1	229880000	230320000
1	230320000	230840000
1	230840000	231480000
1	231480000	232320000
1	232320000	232560000
1	232560000	233280000
1	233280000	233720000
1	233720000	234280000
1	234280000	234800000
1	234800000	236040000
1	236040000	237200000
1	237200000	238240000
1	238240000	238960000
1	238960000	239800000
1	239800000	240120000
1	240120000	240680000
1	240680000	241200000
1	241320000	242680000
1	242680000	243040000
1	243040000	243280000
1	243280000	245040000
1	245040000	245720000
1	245720000	246920000
2	0	1840000
2	1840000	3680000
2	3680000	4760000
2	5080000	6920000
2	6920000	8880000
2	8920000	9200000
2	9200000	9480000
2	9520000	10120000
2	10120000	10760000
2	10760000	11160000
2	11160000	11720000
2	11720000	13080000
2	13080000	15640000
2	15640000	16600000
2	16800000	17760000
2	17840000	18240000
2	18440000	19960000
2	19960000	20720000
2	20720000	22400000
2	22440000	23840000
2	23840000	25000000
2	25000000	25280000
2	25320000	26240000
2	26240000	26560000
2	26640000	27120000
2	27120000	27440000
2	27480000	27760000
2	27760000	28600000
2	28600000	28880000
2	29000000	30200000
2	30200000	30760000
2	30760000	31920000
2	31920000	33680000
2	33680000	35200000
2	35240000	35920000
2	35960000	36840000
2	36880000	37160000
2	37160000	37960000
2	38000000	38600000
2	38600000	38840000
2	38920000	39880000
2	39880000	40880000
2	40880000	41840000
2	41920000	42440000
2	42440000	42880000
2	42880000	43680000
2	43680000	45040000
2	45040000	45680000
2	45680000	46040000
2	46040000	47000000
2	47000000	47480000
2	47480000	47880000
2	47880000	48600000
2	48680000	50560000
2	50600000	51800000
2	51840000	53080000
2	53080000	53920000
2	53920000	55720000
2	55760000	57640000
2	57640000	60760000
2	60760000	61120000
2	61120000	61920000
2	61960000	62520000
2	62520000	63120000
2	63160000	63600000
2	63680000	63960000
2	64080000	64640000
2	64720000	65000000
2	65120000	65680000
2	65680000	68160000
2	68200000	69000000
2	69040000	69400000
2	69440000	69960000
2	69960000	70360000
2	70360000	71080000
2	71120000	72240000
2	72240000	73320000
2	73320000	73680000
2	73720000	74520000
2	74680000	75720000
2	75720000	76680000
2	77000000	79080000
2	79080000	80000000
2	80120000	84560000
2	84560000	85000000
2	85040000	85400000
2	85440000	85680000
2	85680000	86240000
2	86280000	87000000
2	87320000	88800000
2	88880000	89120000
2	89320000	91680000
2	94720000	95960000
2	95960000	97160000
2	97160000	97600000
2	97640000	98560000
2	98600000	99120000
2	99360000	100400000
2	100560000	100960000
2	101000000	101200000
2	101240000	101960000
2	101960000	102720000
2	102800000	103920000
2	103960000	105240000
2	105320000	106560000
2	106560000	107840000
2	107920000	108200000
2	108320000	108760000
2	109000000	109840000
2	110160000	110360000
2	111080000	112200000
2	112280000	113880000
2	114120000	115040000
2	115040000	116360000
2	116560000	116920000
2	117160000	118480000
2	118480000	119360000
2	119360000	119800000
2	119920000	120680000
2	120800000	121160000
2	121160000	121560000
2	121560000	121840000
2	121840000	122240000
2	122240000	124480000
2	124480000	125280000
2	125280000	126080000
2	126200000	127520000
2	127640000	130880000
2	131200000	132000000
2	132000000	134320000
2	134360000	134920000
2	134920000	135400000
2	135440000	136280000
2	136320000	136880000
2	136880000	138320000
2	138320000	139320000
2	139320000	140480000
2	140560000	142640000
2	142640000	143520000
2	143560000	147200000
2	147200000	148400000
2	148400000	149000000
2	149000000	149560000
2	149600000	150120000
2	150160000	152000000
2	152120000	152560000
2	152600000	153280000
2	153280000	154200000
2	154320000	154960000
2	154960000	155880000
2	155880000	157840000
2	157840000	158600000
2	158600000	159400000
2	159440000	160560000
2	160600000	161680000
2	161800000	162880000
2	162880000	163440000
2	163440000	165120000
2	165280000	166520000
2	167080000	168720000
2	168720000	169520000
2	169520000	171480000
2	171480000	172120000
2	172120000	172680000
2	172720000	173320000
2	173320000	175000000
2	175120000	175560000
2	175760000	176680000
2	176680000	177240000
2	177240000	177720000
2	177720000	178360000
2	178480000	179040000
2	179040000	180400000
2	180680000	181640000
2	181640000	182320000
2	182720000	183280000
2	183280000	185160000
2	185160000	185760000
2	185760000	186320000
2	186320000	187040000
2	187080000	187400000
2	187400000	188040000
2	188040000	190000000
2	190240000	191600000
2	191600000	192120000
2	192120000	192760000
2	192760000	194160000
2	194240000	195880000
2	195920000	196640000
2	196640000	197960000
2	197960000	198360000
2	198360000	200520000
2	200520000	201400000
2	201400000	201760000
2	201760000	202200000
2	202240000	202800000
2	202840000	204040000
2	204040000	204520000
2	204520000	205280000
2	205440000	206520000
2	206520000	208160000
2	208160000	208840000
2	208920000	209920000
2	209920000	210800000
2	211040000	211640000
2	211640000	213160000
2	213200000	213760000
2	213800000	215880000
2	215880000	216600000
2	216680000	218360000
2	218360000	218680000
2	218800000	219440000
2	219560000	219960000
2	220120000	222600000
2	222600000	223200000
2	223240000	223520000
2	223520000	224440000
2	224520000	224920000
2	224920000	225240000
2	225360000	226240000
2	226240000	227680000
2	227680000	228400000
2	228440000	229240000
2	229240000	230320000
2	230320000	231400000
2	231400000	232040000
2	232160000	233120000
2	233120000	233880000
2	233920000	234440000
2	234440000	235120000
2	235120000	235720000
2	235720000	236320000
2	236320000	236800000
2	236880000	237680000
2	237680000	238720000
2	238840000	241160000
2	241280000	242680000
3	0	2120000
3	2200000	3200000
3	3200000	4320000
3	4320000	4640000
3	4640000	5240000
3	5240000	7160000
3	7240000	8680000
3	8960000	9360000
3	9360000	9800000
3	9800000	10320000
3	10360000	10760000
3	10760000	11080000
3	11080000	12840000
3	12920000	13680000
3	13680000	13920000
3	13920000	14200000
3	14200000	14640000
3	14680000	15080000
3	15120000	15600000
3	15600000	16280000
3	16280000	16600000
3	16600000	17280000
3	17280000	17880000
3	17880000	18440000
3	18480000	19040000
3	19040000	20200000
3	20200000	21960000
3	22160000	22920000
3	23000000	24000000
3	24000000	24720000
3	24720000	25640000
3	25640000	27320000
3	27320000	27720000
3	27720000	28400000
3	28440000	30000000
3	30040000	30760000
3	30800000	31560000
3	31720000	32160000
3	32200000	32400000
3	32520000	33120000
3	33120000	33840000
3	33920000	35960000
3	35960000	36760000
3	37000000	37280000
3	37280000	38000000
3	38040000	38480000
3	38520000	39080000
3	39120000	39400000
3	39400000	40200000
3	40320000	42240000
3	42240000	42600000
3	42920000	44320000
3	44520000	44960000
3	45000000	45920000
3	46000000	46440000
3	46480000	46720000
3	46920000	47440000
3	47440000	47800000
3	47840000	48200000
3	48200000	48600000
3	48680000	49000000
3	49040000	50320000
3	50320000	51400000
3	51480000	51960000
3	52000000	52720000
3	52800000	53080000
3	53240000	53880000
3	53920000	54400000
3	54400000	55440000
3	55480000	56560000
3	56600000	57000000
3	57000000	57360000
3	57520000	58120000
3	58280000	59840000
3	60040000	61360000
3	61520000	62240000
3	62280000	62520000
3	62560000	63240000
3	63280000	63800000
3	63960000	64520000
3	64520000	65280000
3	65400000	66080000
3	66360000	67000000
3	67040000	69160000
3	69200000	70080000
3	70120000	71120000
3	71160000	71800000
3	71840000	73240000
3	73240000	73960000
3	74000000	75720000
3	75800000	76800000
3	76880000	77440000
3	77440000	78800000
3	78800000	79640000
3	79640000	80840000
3	80880000	81360000
3	81520000	83680000
3	84680000	85720000
3	85960000	86800000
3	86840000	87360000
3	87400000	88200000
3	88320000	89240000
3	89240000	90600000
3	94960000	98040000
3	98040000	99240000
3	99240000	99800000
3	99800000	101000000
3	101000000	101480000
3	101520000	102920000
3	102920000	103400000
3	103440000	103760000
3	103840000	104640000
3	105160000	106720000
3	106760000	108400000
3	108400000	108960000
3	109080000	109680000
3	109800000	112840000
3	112880000	113280000
3	113280000	113760000
3	113760000	114240000
3	114240000	114840000
3	115280000	117040000
3	117160000	117960000
3	117960000	118720000
3	119240000	120080000
3	120080000	120320000
3	120360000	120920000
3	121000000	121440000
3	121440000	122640000
3	122680000	123560000
3	123600000	123880000
3	123920000	124800000
3	124840000	125920000
3	125960000	126840000
3	126880000	127120000
3	127120000	128800000
3	128800000	129200000
3	129280000	129800000
3	129840000	130080000
3	130160000	130520000
3	130520000	131320000
3	131320000	132160000
3	132240000	132680000
3	132720000	133880000
3	133880000	134840000
3	134880000	135720000
3	135760000	137280000
3	137280000	138240000
3	138240000	139240000
3	139640000	140560000
3	140640000	142120000
3	142200000	142440000
3	142480000	143120000
3	143160000	143520000
3	143760000	144240000
3	144240000	144960000
3	144960000	146000000
3	146080000	147240000
3	147400000	147840000
3	147880000	150120000
3	150160000	150680000
3	150680000	151000000
3	151120000	151440000
3	151440000	151760000
3	151920000	152360000
3	152360000	153120000
3	153160000	153680000
3	153680000	154200000
3	154200000	155480000
3	155520000	156520000
3	156560000	157160000
3	157200000	157720000
3	157760000	158360000
3	158360000	159840000
3	160000000	160440000
3	160480000	161200000
3	161240000	161640000
3	161720000	162640000
3	162680000	164840000
3	164960000	166400000
3	166440000	168560000
3	168600000	169080000
3	169240000	170080000
3	170320000	170960000
3	170960000	172080000
3	172080000	172800000
3	172840000	173960000
3	174000000	177680000
3	177680000	179600000
3	179600000	180200000
3	180200000	180800000
3	180840000	181840000
3	181840000	183920000
3	184280000	184600000
3	184640000	185040000
3	185080000	185520000
3	185520000	186000000
3	186040000	186800000
3	186840000	187120000
3	187120000	187760000
3	187760000	188000000
3	188040000	188360000
3	188360000	189000000
3	189000000	190440000
3	190440000	191160000
3	191160000	191680000
3	192280000	193680000
3	193680000	194800000
3	194840000	195800000
3	195840000	196480000
3	196480000	196760000
3	196880000	197200000
3	197200000	197760000
3	197760000	198160000
3	198200000	199280000
3	199280000	199501827
4	0	1640000
4	1800000	2440000
4	2440000	2920000
4	3040000	3240000
4	3240000	3480000
4	3480000	3880000
4	3880000	4280000
4	4280000	4920000
4	4920000	5880000
4	6000000	6640000
4	6720000	7160000
4	7200000	7800000
4	7800000	8800000
4	8960000	9680000
4	9720000	11360000
4	11360000	12320000
4	12320000	13200000
4	13240000	15080000
4	15080000	15280000
4	15280000	15880000
4	15880000	17120000
4	17120000	18200000
4	18200000	20320000
4	20360000	21080000
4	21120000	21400000
4	21400000	22400000
4	22520000	24080000
4	24080000	25000000
4	25000000	25440000
4	25520000	26640000
4	26640000	27280000
4	27280000	30320000
4	30320000	32440000
4	32760000	35920000
4	36000000	37080000
4	37120000	37480000
4	37480000	38440000
4	38560000	39120000
4	39120000	39680000
4	39720000	40600000
4	40600000	40960000
4	40960000	41640000
4	41640000	42240000
4	42240000	44400000
4	44400000	46520000
4	46600000	47320000
4	47360000	47560000
4	47800000	49040000
4	52480000	53560000
4	53560000	54840000
4	54840000	55520000
4	55520000	55960000
4	55960000	56480000
4	56480000	57000000
4	57080000	57520000
4	57560000	58800000
4	58800000	61240000
4	61320000	63280000
4	63280000	65160000
4	65160000	68000000
4	68280000	68760000
4	69040000	70120000
4	70200000	70560000
4	70560000	71520000
4	71720000	72800000
4	72800000	74160000
4	74160000	75240000
4	75240000	75840000
4	75920000	76720000
4	76760000	77280000
4	77280000	78360000
4	78480000	80080000
4	80080000	81440000
4	81480000	82520000
4	82520000	83480000
4	83520000	83920000
4	83960000	84440000
4	84600000	86160000
4	86160000	86880000
4	86920000	87160000
4	87640000	88040000
4	88040000	88280000
4	88400000	89160000
4	89160000	89680000
4	89840000	90280000
4	90280000	91440000
4	91440000	92240000
4	92240000	93400000
4	93400000	93640000
4	93840000	94920000
4	94920000	95400000
4	95440000	95760000
4	95760000	96280000
4	96280000	97520000
4	97600000	99160000
4	99240000	100240000
4	100240000	101080000
4	101080000	103560000
4	103560000	104240000
4	104240000	105120000
4	105160000	106640000
4	106840000	107360000
4	107480000	108000000
4	108160000	109120000
4	109120000	109760000
4	109760000	110560000
4	110560000	111120000
4	111120000	111720000
4	111720000	113200000
4	113200000	114440000
4	114480000	115520000
4	115520000	115880000
4	115880000	117280000
4	117480000	117880000
4	118240000	119440000
4	119800000	120640000
4	120640000	121200000
4	121200000	122960000
4	122960000	123720000
4	123720000	124080000
4	124200000	124800000
4	124880000	125440000
4	125440000	126440000
4	126440000	127720000
4	127720000	128920000
4	129040000	130320000
4	130440000	131480000
4	132200000	133880000
4	133960000	136080000
4	136120000	138200000
4	138240000	138840000
4	138880000	140120000
4	140160000	140520000
4	140720000	141480000
4	141520000	142000000
4	142040000	142280000
4	142280000	144320000
4	144320000	144680000
4	144720000	145240000
4	145280000	146240000
4	146240000	146760000
4	146760000	147360000
4	147400000	148200000
4	148240000	148760000
4	148760000	149040000
4	149040000	150480000
4	150480000	151080000
4	151120000	151400000
4	151400000	152200000
4	152280000	152800000
4	152800000	153560000
4	153560000	153920000
4	153920000	154280000
4	154280000	154880000
4	154920000	155680000
4	155680000	156520000
4	156520000	156920000
4	157080000	158360000
4	158360000	159360000
4	159360000	159800000
4	159800000	160600000
4	160600000	163600000
4	163600000	164200000
4	164200000	164520000
4	164680000	165880000
4	165920000	166240000
4	166240000	167280000
4	167280000	167760000
4	168160000	169320000
4	169320000	170080000
4	170080000	170760000
4	170760000	171240000
4	171280000	172960000
4	172960000	173360000
4	173400000	174040000
4	174120000	174600000
4	174640000	175480000
4	175480000	175880000
4	175880000	176720000
4	176720000	177080000
4	177160000	177520000
4	177520000	178240000
4	178240000	179480000
4	179720000	181800000
4	182280000	182680000
4	182720000	184080000
4	184120000	184600000
4	184600000	185320000
4	185360000	185880000
4	185880000	186160000
4	186160000	187360000
4	187400000	191273063
5	40000	1400000
5	1400000	1720000
5	1720000	3640000
5	3640000	4920000
5	4920000	5520000
5	5520000	6800000
5	6840000	7960000
5	7960000	8760000
5	8800000	10320000
5	10320000	10720000
5	10760000	12720000
5	12720000	14040000
5	14040000	14720000
5	14720000	15080000
5	15120000	16520000
5	16680000	17280000
5	17280000	18360000
5	18400000	21840000
5	21840000	22280000
5	22280000	23840000
5	24000000	25440000
5	25440000	26760000
5	26880000	28840000
5	28960000	29840000
5	30040000	31320000
5	31560000	32160000
5	32240000	32680000
5	32680000	33480000
5	33480000	34200000
5	34280000	34960000
5	35040000	36080000
5	36080000	36760000
5	36760000	37400000
5	37400000	38440000
5	38440000	38960000
5	39160000	39600000
5	39600000	40800000
5	40920000	41720000
5	41720000	43040000
5	43080000	43560000
5	43600000	44840000
5	44880000	46480000
5	49480000	52440000
5	52440000	53840000
5	53840000	54480000
5	54480000	55040000
5	55240000	55560000
5	55560000	56240000
5	56240000	56600000
5	56600000	57800000
5	57800000	58200000
5	58520000	59120000
5	59120000	60000000
5	60000000	60280000
5	60320000	61720000
5	61720000	63440000
5	63560000	63960000
5	63960000	64920000
5	65080000	65480000
5	65520000	66480000
5	66560000	67600000
5	67600000	68880000
5	70320000	71640000
5	71640000	72200000
5	72240000	72880000
5	72880000	73160000
5	73160000	74680000
5	74720000	75040000
5	75040000	75600000
5	75600000	76160000
5	76200000	76440000
5	76440000	76840000
5	76840000	77640000
5	77800000	78280000
5	78320000	79200000
5	79440000	80000000
5	80000000	80640000
5	80640000	81600000
5	81600000	83000000
5	83000000	84440000
5	84560000	86720000
5	86720000	88040000
5	88040000	90160000
5	90160000	90760000
5	90760000	92240000
5	92240000	92960000
5	92960000	93280000
5	93280000	94280000
5	94320000	95000000
5	95000000	96080000
5	96080000	96560000
5	96560000	98440000
5	98440000	99760000
5	99760000	101600000
5	101920000	102880000
5	102880000	103560000
5	103680000	107760000
5	107760000	110080000
5	110120000	110480000
5	110480000	110840000
5	110880000	111520000
5	111520000	111840000
5	111880000	112280000
5	112280000	112960000
5	113000000	114640000
5	114640000	114960000
5	114960000	115480000
5	115480000	116320000
5	116840000	118320000
5	118320000	118800000
5	118800000	119840000
5	120160000	121480000
5	121520000	123000000
5	123000000	125960000
5	125960000	126880000
5	126920000	127560000
5	127560000	129160000
5	129240000	130760000
5	130840000	131440000
5	132240000	133360000
5	133400000	134240000
5	134280000	134760000
5	134800000	135160000
5	135240000	136160000
5	136160000	137520000
5	137520000	137800000
5	137920000	138760000
5	138760000	139120000
5	139160000	139560000
5	139560000	140120000
5	140120000	140440000
5	140440000	140960000
5	141000000	141360000
5	141360000	142080000
5	142080000	142280000
5	142360000	143520000
5	143520000	145440000
5	145440000	145840000
5	145840000	147000000
5	147320000	147760000
5	147760000	148080000
5	148080000	148680000
5	148680000	148960000
5	148960000	149360000
5	149360000	149800000
5	149800000	150360000
5	150360000	151160000
5	151160000	151880000
5	151880000	153320000
5	153320000	154320000
5	154320000	156680000
5	156680000	157080000
5	157080000	158520000
5	158640000	159360000
5	159360000	159800000
5	159800000	161560000
5	161560000	162800000
5	162880000	163880000
5	163880000	164960000
5	164960000	166960000
5	167040000	167600000
5	167600000	167880000
5	167880000	168960000
5	168960000	169960000
5	170000000	170760000
5	170760000	171760000
5	171800000	172080000
5	172080000	172320000
5	172320000	172640000
5	172640000	173680000
5	173680000	174160000
5	174240000	174880000
5	174880000	175320000
5	175480000	175960000
5	175960000	177200000
5	177240000	177520000
5	177520000	177960000
5	178000000	178480000
5	178480000	178960000
5	179200000	179480000
5	179480000	180600000
5	180600000	180857866
6	80000	1400000
6	1400000	2680000
6	2720000	3680000
6	3680000	3960000
6	4000000	4960000
6	5000000	5360000
6	5360000	5960000
6	5960000	6520000
6	6600000	7200000
6	7360000	7560000
6	7600000	8040000
6	8040000	10560000
6	10560000	10920000
6	11000000	11640000
6	11640000	12400000
6	12400000	12720000
6	12760000	13400000
6	13440000	13720000
6	13880000	15760000
6	15760000	16400000
6	16400000	17200000
6	17240000	17720000
6	17720000	18280000
6	18400000	18640000
6	18640000	20200000
6	20200000	22040000
6	22440000	24520000
6	24520000	25200000
6	25280000	26120000
6	26120000	27160000
6	27200000	27880000
6	27960000	29080000
6	29080000	29720000
6	29720000	30520000
6	30520000	31480000
6	31600000	33040000
6	33040000	33360000
6	33360000	34120000
6	34240000	35320000
6	35360000	35520000
6	35560000	36840000
6	36840000	37320000
6	37440000	38840000
6	38920000	39400000
6	39400000	40400000
6	40400000	41160000
6	41160000	41800000
6	41840000	42120000
6	42280000	42640000
6	42720000	43600000
6	43680000	44440000
6	44480000	46040000
6	46120000	47120000
6	47120000	47400000
6	47440000	49560000
6	49560000	50160000
6	50160000	50680000
6	50720000	52240000
6	52240000	52640000
6	53040000	53680000
6	53720000	55240000
6	55240000	56280000
6	56320000	57320000
6	57320000	58920000
6	61920000	64080000
6	64080000	64600000
6	64600000	67320000
6	67360000	69160000
6	69400000	70960000
6	70960000	71800000
6	71800000	72120000
6	72120000	72880000
6	73160000	74240000
6	74240000	76000000
6	76000000	76360000
6	76600000	78240000
6	78240000	79640000
6	79640000	80640000
6	80680000	82880000
6	82960000	83840000
6	83960000	84320000
6	84360000	85000000
6	85000000	86320000
6	86400000	87800000
6	87800000	89720000
6	89720000	90640000
6	90680000	91240000
6	91280000	93520000
6	93560000	94200000
6	94200000	95760000
6	95920000	97080000
6	97080000	99840000
6	100000000	101040000
6	101240000	103360000
6	103400000	105080000
6	105360000	105960000
6	105960000	106880000
6	106880000	107440000
6	107480000	108280000
6	108320000	108960000
6	108960000	109520000
6	109560000	109840000
6	109840000	110880000
6	110880000	111440000
6	111440000	111680000
6	111680000	112080000
6	112120000	112520000
6	112600000	114360000
6	114360000	116560000
6	116640000	117000000
6	117160000	117720000
6	117760000	118720000
6	118720000	119240000
6	119280000	120080000
6	120120000	121360000
6	121400000	122800000
6	122840000	123720000
6	123720000	125200000
6	125200000	125480000
6	125640000	126360000
6	126360000	127560000
6	127640000	129840000
6	129960000	130400000
6	130400000	131160000
6	131200000	132280000
6	132280000	132600000
6	132640000	133160000
6	133160000	133920000
6	133920000	134280000
6	134280000	134480000
6	134480000	135360000
6	135360000	135800000
6	135800000	136600000
6	136640000	138040000
6	138040000	138320000
6	138360000	139160000
6	139160000	142000000
6	142040000	142520000
6	142800000	143840000
6	143840000	144400000
6	144400000	144880000
6	144920000	146080000
6	146240000	147160000
6	147160000	147720000
6	147720000	148520000
6	148560000	148920000
6	148920000	149400000
6	149400000	149920000
6	149920000	150720000
6	150720000	151200000
6	151240000	151760000
6	151760000	153080000
6	153080000	153320000
6	153360000	154520000
6	154520000	155000000
6	155040000	155640000
6	155640000	157600000
6	157600000	158440000
6	158520000	158960000
6	159040000	159480000
6	159480000	160040000
6	160040000	161040000
6	161040000	161720000
6	161720000	164440000
6	164440000	165600000
6	165760000	166200000
6	166200000	166480000
6	166520000	168080000
6	168280000	169040000
6	169040000	170899992
7	120000	880000
7	880000	1480000
7	1480000	2680000
7	2680000	4800000
7	4800000	5480000
7	5480000	5760000
7	5840000	6520000
7	6800000	7640000
7	7640000	8400000
7	8400000	11360000
7	11360000	12520000
7	12520000	13280000
7	13280000	14720000
7	14720000	16080000
7	16120000	16600000
7	16920000	17680000
7	17680000	18360000
7	18360000	18640000
7	18680000	19120000
7	19120000	19680000
7	19680000	20640000
7	20680000	21280000
7	21280000	22080000
7	22080000	22520000
7	22520000	23240000
7	23280000	23520000
7	23560000	25160000
7	25160000	25880000
7	25880000	26680000
7	26840000	27200000
7	27200000	28120000
7	28120000	28880000
7	28920000	29680000
7	29680000	30120000
7	30120000	30600000
7	30760000	31760000
7	31760000	32520000
7	32520000	33120000
7	33160000	33960000
7	34080000	34640000
7	35080000	35640000
7	35680000	35960000
7	35960000	36400000
7	36400000	37200000
7	37240000	37880000
7	37880000	38360000
7	38400000	38680000
7	38720000	39560000
7	39560000	39840000
7	39840000	40160000
7	40160000	41760000
7	41920000	42920000
7	42920000	44000000
7	44040000	44800000
7	44800000	45160000
7	45160000	45800000
7	45800000	46360000
7	46360000	47240000
7	47240000	47880000
7	48160000	50080000
7	50080000	50400000
7	50480000	51200000
7	51200000	51440000
7	51440000	54800000
7	54800000	55640000
7	55760000	56120000
7	56160000	58080000
7	61040000	61560000
7	61600000	63920000
7	64320000	64640000
7	64800000	65600000
7	65600000	66440000
7	66440000	68520000
7	68520000	69880000
7	69920000	70840000
7	70840000	72040000
7	72320000	72840000
7	72840000	73800000
7	74880000	75800000
7	75880000	76600000
7	76600000	77240000
7	77400000	78720000
7	78760000	79480000
7	79520000	79880000
7	80160000	80920000
7	80920000	81480000
7	81480000	82200000
7	82240000	82800000
7	82840000	83280000
7	83360000	84520000
7	84520000	85320000
7	85320000	86040000
7	86080000	86360000
7	86400000	86720000
7	86720000	87640000
7	87640000	89880000
7	89920000	90520000
7	90520000	91320000
7	91600000	92000000
7	92000000	92520000
7	92680000	93720000
7	93880000	95160000
7	95200000	96520000
7	96560000	97720000
7	97720000	98320000
7	98320000	98880000
7	98880000	99880000
7	99880000	100320000
7	100320000	100680000
7	100720000	100960000
7	100960000	101920000
7	102080000	102520000
7	102680000	103640000
7	103640000	104360000
7	104360000	105000000
7	105040000	105600000
7	105600000	106200000
7	106200000	106600000
7	106640000	107520000
7	107600000	107960000
7	108000000	111160000
7	111160000	111960000
7	111960000	113160000
7	113160000	115560000
7	115560000	116240000
7	116360000	116600000
7	116840000	117640000
7	117640000	118640000
7	118640000	120560000
7	120560000	121480000
7	121520000	121960000
7	121960000	123000000
7	123000000	124320000
7	124320000	127000000
7	127000000	127720000
7	127800000	129480000
7	129480000	130200000
7	130200000	130840000
7	130840000	131640000
7	131640000	131920000
7	131920000	133760000
7	133960000	134600000
7	134600000	136480000
7	136480000	136960000
7	136960000	138720000
7	138760000	139400000
7	139400000	140040000
7	140040000	140360000
7	140360000	140600000
7	140600000	141080000
7	141080000	141640000
7	141640000	142960000
7	143040000	143520000
7	143720000	145440000
7	145440000	147600000
7	147600000	147840000
7	147840000	148280000
7	148440000	148760000
7	149120000	150560000
7	150560000	151120000
7	151120000	152200000
7	152200000	153360000
7	153360000	154240000
7	154320000	154840000
7	154840000	155280000
7	155280000	156880000
7	156880000	158821424
8	120000	2000000
8	2000000	2320000
8	2320000	3480000
8	3480000	4080000
8	4080000	6240000
8	6240000	7000000
8	7800000	9760000
8	9760000	10440000
8	10440000	10760000
8	10800000	12320000
8	12440000	13560000
8	13600000	14160000
8	14280000	14760000
8	14880000	17080000
8	17200000	17840000
8	17960000	18720000
8	18800000	19240000
8	19240000	19680000
8	19720000	20040000
8	20080000	21960000
8	22000000	22520000
8	22520000	22920000
8	23360000	23640000
8	23640000	24360000
8	24360000	25000000
8	25000000	25400000
8	25400000	26360000
8	26560000	27160000
8	27200000	27520000
8	27520000	28240000
8	28240000	28520000
8	28520000	30120000
8	30160000	30600000
8	30640000	31160000
8	31200000	32200000
8	32280000	33440000
8	33480000	36800000
8	36800000	37720000
8	37760000	38760000
8	38760000	39840000
8	39840000	41560000
8	41600000	42360000
8	42360000	43040000
8	43080000	43960000
8	46960000	48240000
8	48320000	48840000
8	49080000	50000000
8	50040000	52920000
8	53120000	53480000
8	53600000	54960000
8	54960000	55600000
8	55600000	56360000
8	56360000	57160000
8	57280000	58480000
8	58600000	59520000
8	59720000	61080000
8	61120000	61480000
8	61720000	62200000
8	62200000	62680000
8	62720000	64200000
8	64280000	65520000
8	65600000	66680000
8	66800000	67520000
8	67520000	68880000
8	68880000	69560000
8	69600000	70720000
8	70720000	71760000
8	71760000	72880000
8	72920000	73240000
8	73360000	74080000
8	74120000	75120000
8	75160000	75960000
8	76040000	77440000
8	77440000	79520000
8	79760000	80680000
8	80720000	81320000
8	81320000	81680000
8	81720000	82320000
8	82360000	82760000
8	82800000	84920000
8	85000000	85680000
8	85720000	86080000
8	86400000	86760000
8	86880000	87120000
8	87200000	87600000
8	87600000	89400000
8	89400000	90800000
8	90800000	92040000
8	92480000	94760000
8	94800000	95040000
8	95080000	95480000
8	95640000	96360000
8	96360000	97320000
8	97320000	98680000
8	98680000	99200000
8	99200000	100440000
8	100440000	101200000
8	101200000	101640000
8	101640000	103320000
8	103320000	103920000
8	103920000	104600000
8	104800000	105560000
8	105560000	106880000
8	106960000	107720000
8	107920000	108880000
8	108880000	109840000
8	109960000	110400000
8	110440000	110800000
8	110800000	111920000
8	112200000	112920000
8	113000000	113520000
8	113840000	114520000
8	114520000	115560000
8	115920000	118400000
8	118400000	119680000
8	119800000	120520000
8	120520000	120880000
8	120920000	121160000
8	121200000	121520000
8	121520000	123720000
8	123760000	124120000
8	124360000	124840000
8	124880000	125560000
8	125600000	126080000
8	126160000	126800000
8	126800000	127880000
8	127920000	130840000
8	130880000	131800000
8	131800000	133120000
8	133280000	134280000
8	134280000	134560000
8	134560000	135960000
8	135960000	137840000
8	137840000	139200000
8	139200000	139800000
8	139800000	140720000
8	140720000	141480000
8	141720000	142280000
8	142280000	142440000
8	142440000	143520000
8	143680000	144400000
8	144520000	145720000
8	145720000	146274826
9	160000	800000
9	800000	1000000
9	1000000	2080000
9	2080000	2840000
9	2840000	4360000
9	4360000	4720000
9	4720000	5000000
9	5000000	5800000
9	5800000	6320000
9	6320000	6760000
9	6760000	7560000
9	7560000	8320000
9	8320000	9280000
9	9280000	9960000
9	9960000	11360000
9	11360000	12680000
9	12680000	14440000
9	14440000	14840000
9	14840000	15120000
9	15120000	15640000
9	15640000	17520000
9	17520000	17760000
9	17760000	18240000
9	18240000	19040000
9	19040000	19480000
9	19480000	19920000
9	19920000	21160000
9	21160000	21800000
9	21800000	22240000
9	22240000	23080000
9	23080000	23520000
9	23520000	24240000
9	24240000	24840000
9	24840000	25920000
9	25920000	27000000
9	27000000	27560000
9	27560000	28080000
9	28080000	29760000
9	29760000	30960000
9	30960000	32360000
9	32360000	32560000
9	32560000	32960000
9	32960000	33240000
9	33240000	33480000
9	33480000	33720000
9	33720000	34640000
9	34640000	35040000
9	35040000	35760000
9	35760000	35920000
9	35920000	36760000
9	36760000	37440000
9	37440000	37840000
9	37840000	38800000
9	67640000	67880000
9	70200000	70840000
9	70840000	71200000
9	71200000	71760000
9	71760000	72120000
9	72120000	72440000
9	72440000	73080000
9	73080000	73600000
9	73600000	74680000
9	74680000	74880000
9	74880000	75920000
9	75920000	76560000
9	76560000	76920000
9	76920000	78200000
9	78200000	78520000
9	78520000	78800000
9	78800000	79200000
9	79200000	79600000
9	79600000	80160000
9	80160000	80920000
9	80920000	81960000
9	81960000	82400000
9	82400000	85000000
9	85000000	85720000
9	85720000	86160000
9	86160000	87640000
9	87640000	88160000
9	88160000	89120000
9	89120000	89680000
9	89680000	90400000
9	90400000	91120000
9	91120000	91920000
9	91920000	92680000
9	92680000	93560000
9	93560000	93920000
9	93920000	94600000
9	94600000	95480000
9	95480000	95800000
9	95800000	96160000
9	96160000	96920000
9	96920000	98120000
9	98120000	98640000
9	98640000	99240000
9	99240000	99480000
9	99480000	99720000
9	99720000	100600000
9	100600000	100960000
9	100960000	102400000
9	102400000	103400000
9	103400000	105920000
9	105920000	106560000
9	106560000	107360000
9	107360000	109120000
9	109120000	110680000
9	110680000	111320000
9	111320000	111680000
9	111680000	111960000
9	111960000	112400000
9	112400000	113240000
9	113240000	113880000
9	113880000	114240000
9	114240000	114720000
9	114720000	114960000
9	114960000	115480000
9	115480000	115880000
9	115880000	116160000
9	116160000	116440000
9	116440000	116840000
9	116840000	117360000
9	117360000	117960000
9	117960000	118480000
9	118480000	119280000
9	119280000	119960000
9	119960000	120320000
9	120320000	121320000
9	121320000	122400000
9	122400000	122960000
9	122960000	123280000
9	123280000	123880000
9	123880000	124160000
9	124160000	124640000
9	124640000	125200000
9	125200000	126200000
9	126200000	126600000
9	126600000	127200000
9	127200000	128640000
9	128640000	129240000
9	129240000	129720000
9	129720000	130000000
9	130000000	130520000
9	130520000	130880000
9	130880000	131440000
9	131440000	131600000
9	131600000	131880000
9	131880000	132280000
9	132280000	132560000
9	132560000	132920000
9	132920000	133200000
9	133200000	133400000
9	133400000	134200000
9	134200000	134960000
9	134960000	135200000
9	135200000	135600000
9	135600000	136000000
9	136240000	137120000
9	137120000	138320000
9	138320000	138720000
9	138720000	139320000
9	139320000	139520000
9	139520000	140040000
10	80000	1080000
10	1120000	3200000
10	3200000	4840000
10	4840000	5440000
10	5480000	5800000
10	5960000	6480000
10	6480000	7600000
10	7600000	7800000
10	7880000	9440000
10	9440000	11560000
10	11600000	11840000
10	11840000	12080000
10	12280000	13440000
10	13440000	13640000
10	13640000	14560000
10	14600000	15200000
10	15480000	15800000
10	15880000	16880000
10	16880000	17840000
10	18240000	18600000
10	18960000	21200000
10	21200000	22280000
10	22320000	23440000
10	23440000	24880000
10	24920000	26000000
10	26080000	27440000
10	27680000	28760000
10	28760000	29760000
10	29800000	30680000
10	30680000	30960000
10	30960000	32560000
10	32720000	35000000
10	35000000	35360000
10	35440000	35880000
10	35880000	37200000
10	37200000	38680000
10	38720000	39120000
10	41720000	42920000
10	43000000	43280000
10	43400000	44800000
10	44800000	45560000
10	46080000	47160000
10	47920000	48320000
10	49040000	50440000
10	50440000	50840000
10	51160000	51520000
10	51640000	53720000
10	53720000	54040000
10	54240000	57080000
10	57080000	59600000
10	59840000	60640000
10	60640000	61520000
10	61520000	62200000
10	62240000	63280000
10	63320000	63680000
10	63840000	64560000
10	64600000	65280000
10	65280000	68360000
10	68400000	69240000
10	69240000	69800000
10	69800000	70440000
10	70440000	70840000
10	71160000	71600000
10	71600000	71800000
10	71840000	72320000
10	72320000	72720000
10	72720000	73200000
10	73480000	74600000
10	74680000	75200000
10	75240000	75560000
10	75560000	76680000
10	76680000	78560000
10	78560000	79440000
10	79480000	80960000
10	81560000	81960000
10	81960000	83600000
10	83880000	85880000
10	86000000	88160000
10	88160000	88400000
10	88440000	88920000
10	89120000	89520000
10	89560000	90360000
10	90560000	90960000
10	91000000	91360000
10	91520000	92640000
10	92640000	93680000
10	93760000	94200000
10	94400000	95280000
10	95560000	96320000
10	96360000	96880000
10	96880000	97680000
10	97760000	98080000
10	98120000	99400000
10	99400000	101480000
10	101480000	102280000
10	102280000	102760000
10	102760000	103560000
10	103560000	103880000
10	103880000	104400000
10	104400000	105240000
10	105440000	106040000
10	106120000	108040000
10	108360000	110560000
10	110560000	111640000
10	111640000	112040000
10	112040000	112360000
10	112480000	114200000
10	114200000	115400000
10	115440000	115920000
10	116040000	116520000
10	116600000	116880000
10	116880000	118200000
10	118360000	118960000
10	118960000	120800000
10	120800000	121360000
10	121360000	121640000
10	121640000	122640000
10	122680000	123680000
10	124000000	124200000
10	124720000	125320000
10	125320000	125720000
10	125720000	126520000
10	126640000	127520000
10	127520000	129840000
10	129840000	131880000
10	131880000	133840000
10	133840000	135374737
11	160000	840000
11	840000	1480000
11	1560000	2160000
11	2400000	2880000
11	2920000	3400000
11	3400000	3800000
11	3800000	4120000
11	4120000	5920000
11	5960000	6680000
11	6680000	7960000
11	8120000	8560000
11	8680000	8840000
11	8960000	9480000
11	9520000	10720000
11	10760000	11840000
11	12000000	12240000
11	12280000	13400000
11	13440000	14240000
11	14240000	14480000
11	14520000	15200000
11	15240000	16760000
11	16760000	17080000
11	17200000	17520000
11	17520000	18000000
11	18000000	18760000
11	18760000	19520000
11	19520000	20360000
11	20360000	20600000
11	20600000	22160000
11	22280000	22800000
11	22840000	24400000
11	24600000	26280000
11	26280000	27120000
11	27120000	27480000
11	27480000	29360000
11	29360000	30240000
11	30320000	30920000
11	31040000	32280000
11	32280000	32600000
11	32640000	33760000
11	33800000	34000000
11	34040000	34360000
11	34480000	34880000
11	34880000	35400000
11	35400000	36480000
11	36520000	39360000
11	39360000	40120000
11	40280000	41200000
11	41200000	43240000
11	43440000	44040000
11	44040000	44880000
11	44920000	45320000
11	45320000	45800000
11	45840000	46320000
11	46360000	46520000
11	46600000	47400000
11	47560000	47840000
11	47840000	48120000
11	48120000	50680000
11	51040000	51440000
11	54520000	56840000
11	56840000	58080000
11	58120000	59040000
11	59040000	59760000
11	59760000	60320000
11	60440000	60760000
11	60760000	61280000
11	61280000	61640000
11	61680000	61880000
11	61880000	62360000
11	62400000	63720000
11	63840000	64280000
11	64360000	65120000
11	65160000	65560000
11	65560000	65880000
11	65880000	66200000
11	66200000	66560000
11	66560000	67120000
11	67320000	67520000
11	67520000	68600000
11	68600000	69200000
11	69240000	69920000
11	69960000	70280000
11	70320000	71280000
11	71280000	72080000
11	72120000	72680000
11	72720000	73360000
11	73360000	74280000
11	74400000	74640000
11	74800000	76080000
11	76120000	76440000
11	76480000	77040000
11	77040000	77440000
11	77520000	78000000
11	78000000	80920000
11	80960000	81680000
11	81720000	82120000
11	82120000	83200000
11	83200000	83760000
11	83760000	85000000
11	85040000	85720000
11	85800000	86240000
11	86320000	86720000
11	86720000	88440000
11	88440000	89200000
11	89520000	91440000
11	91440000	92280000
11	92320000	93120000
11	93120000	93880000
11	93920000	94360000
11	94440000	95160000
11	95200000	95800000
11	95800000	98400000
11	98400000	99160000
11	99160000	99920000
11	99960000	100360000
11	100400000	100720000
11	100800000	101400000
11	101400000	102080000
11	102120000	102480000
11	102520000	105440000
11	105520000	106880000
11	106920000	108040000
11	108040000	109160000
11	109320000	109800000
11	109800000	110840000
11	110920000	111480000
11	111480000	112680000
11	112680000	113160000
11	113160000	113640000
11	113640000	114680000
11	114680000	116120000
11	116120000	116560000
11	116600000	117440000
11	117520000	118000000
11	118040000	118360000
11	118400000	118720000
11	118720000	119560000
11	119680000	120600000
11	120600000	121000000
11	121040000	121960000
11	121960000	122240000
11	122240000	122440000
11	122440000	122920000
11	122960000	123760000
11	123760000	124000000
11	124040000	124240000
11	124240000	124840000
11	124960000	125280000
11	125280000	125680000
11	125680000	127400000
11	127520000	128240000
11	128360000	129160000
11	129160000	129560000
11	129560000	130280000
11	130320000	131080000
11	131080000	132440000
11	132440000	133280000
11	133280000	133600000
11	133720000	134452384
12	0	1600000
12	1600000	2680000
12	2800000	3000000
12	3040000	3840000
12	3840000	4320000
12	4320000	4760000
12	4840000	6280000
12	6920000	7680000
12	7720000	8120000
12	8240000	9480000
12	9760000	10200000
12	10240000	10760000
12	10800000	11560000
12	11560000	12080000
12	12080000	12400000
12	12400000	12800000
12	12840000	13280000
12	13280000	14240000
12	14240000	14760000
12	14760000	15560000
12	15600000	15960000
12	16000000	16960000
12	16960000	18080000
12	18160000	19560000
12	19720000	20680000
12	20680000	21520000
12	21720000	22080000
12	22120000	22520000
12	22720000	24040000
12	24120000	24880000
12	24960000	25200000
12	25200000	26120000
12	26120000	26960000
12	27040000	27360000
12	27440000	27760000
12	27760000	29080000
12	29120000	29360000
12	29400000	31120000
12	31320000	31680000
12	31680000	32800000
12	32800000	34720000
12	36120000	37960000
12	38000000	38800000
12	39040000	39600000
12	39640000	40720000
12	40800000	42080000
12	42080000	42600000
12	42600000	43640000
12	43800000	44640000
12	44680000	45680000
12	45720000	46360000
12	46520000	47520000
12	47760000	48320000
12	48760000	49080000
12	49120000	49440000
12	49440000	50080000
12	50080000	50680000
12	50800000	51680000
12	51720000	52160000
12	52360000	53080000
12	53160000	53680000
12	53840000	54400000
12	54400000	54760000
12	54760000	55320000
12	55400000	56440000
12	56440000	57840000
12	58080000	60920000
12	60960000	61760000
12	61760000	62360000
12	62520000	63080000
12	63200000	63440000
12	63440000	64800000
12	64840000	65960000
12	66000000	66680000
12	67000000	67480000
12	67520000	67960000
12	67960000	68280000
12	68320000	70440000
12	70440000	73120000
12	73360000	74000000
12	74160000	75520000
12	75520000	75960000
12	75960000	76880000
12	77040000	78280000
12	78320000	79200000
12	79320000	80240000
12	80560000	81280000
12	81400000	83960000
12	84000000	84840000
12	84880000	86960000
12	86960000	87920000
12	87920000	88440000
12	88480000	89880000
12	89880000	91640000
12	91640000	92360000
12	92360000	93000000
12	93000000	93440000
12	93480000	94440000
12	94480000	94800000
12	94920000	95440000
12	95480000	97360000
12	97600000	97960000
12	97960000	98720000
12	99240000	99600000
12	99680000	100320000
12	100320000	100680000
12	100800000	101800000
12	101800000	102680000
12	102920000	104040000
12	104120000	105120000
12	105240000	105880000
12	106000000	106600000
12	106600000	107480000
12	107480000	108320000
12	108360000	108720000
12	109000000	109360000
12	109360000	109800000
12	109800000	110240000
12	110600000	111360000
12	111360000	112080000
12	112120000	112840000
12	112880000	113440000
12	113520000	114840000
12	114880000	116080000
12	116080000	116960000
12	117000000	118600000
12	118600000	119080000
12	119120000	120160000
12	120360000	121240000
12	121280000	121840000
12	121880000	122320000
12	122320000	122840000
12	122840000	123960000
12	124000000	127240000
12	127280000	129080000
12	129080000	129400000
12	129400000	129800000
12	129880000	131200000
12	131200000	132349534
13	18120000	19040000
13	19080000	21000000
13	21040000	22800000
13	22840000	23360000
13	23360000	24040000
13	24040000	24480000
13	24480000	25640000
13	25640000	26400000
13	26400000	26840000
13	26840000	27480000
13	27480000	28280000
13	28280000	28880000
13	28960000	29200000
13	29200000	29600000
13	29600000	30080000
13	30120000	30640000
13	30640000	31320000
13	31360000	31800000
13	31800000	33240000
13	33280000	35440000
13	35440000	36480000
13	36520000	38400000
13	38400000	39160000
13	39160000	40520000
13	40520000	40760000
13	40800000	41760000
13	41760000	43360000
13	43360000	43920000
13	43960000	44480000
13	44480000	44800000
13	44840000	45800000
13	45920000	46240000
13	46240000	47560000
13	47560000	48680000
13	48760000	49120000
13	49120000	50560000
13	50560000	51320000
13	51320000	51960000
13	52040000	52680000
13	52680000	54760000
13	55000000	57080000
13	57080000	58760000
13	58800000	59920000
13	59920000	61440000
13	61480000	63360000
13	63560000	65120000
13	65120000	66720000
13	66880000	69000000
13	69000000	70080000
13	70080000	72200000
13	72200000	73200000
13	73200000	74800000
13	75040000	76480000
13	76480000	77040000
13	77280000	77600000
13	77600000	79040000
13	79040000	80520000
13	80520000	81840000
13	82600000	84320000
13	84320000	85360000
13	85360000	86200000
13	86320000	86760000
13	86800000	87120000
13	87120000	89160000
13	89400000	90800000
13	90800000	91240000
13	91360000	94040000
13	94040000	94640000
13	94640000	94960000
13	95040000	95320000
13	95320000	96480000
13	96480000	97280000
13	97280000	97880000
13	97880000	98880000
13	98880000	100040000
13	100080000	100600000
13	100600000	100960000
13	100960000	102040000
13	102040000	102320000
13	102320000	103240000
13	103280000	104000000
13	104000000	104680000
13	104840000	106000000
13	106000000	106640000
13	106640000	107680000
13	107680000	108360000
13	108360000	109560000
13	109600000	110360000
13	110880000	112200000
13	112320000	112800000
13	113280000	114142980
14	18480000	19800000
14	19800000	20520000
14	20760000	21280000
14	21640000	22600000
14	22640000	23120000
14	23120000	24000000
14	24000000	24960000
14	24960000	26280000
14	26560000	28200000
14	28240000	29080000
14	29080000	30080000
14	30160000	30920000
14	30960000	32080000
14	32120000	33360000
14	33360000	34040000
14	34080000	35360000
14	35400000	36040000
14	36200000	36760000
14	36760000	37160000
14	37160000	37760000
14	37760000	38960000
14	39000000	41160000
14	41600000	44440000
14	44440000	44800000
14	44840000	47160000
14	47400000	49120000
14	49120000	49640000
14	49840000	50080000
14	50080000	50320000
14	50480000	50800000
14	50800000	51520000
14	51840000	52880000
14	52960000	54000000
14	54040000	54440000
14	54600000	56040000
14	56040000	56920000
14	56960000	57760000
14	57960000	58600000
14	58640000	59040000
14	59120000	60080000
14	60120000	60840000
14	60840000	61400000
14	61440000	62880000
14	62920000	63840000
14	64040000	64480000
14	64600000	66880000
14	66960000	67320000
14	67360000	68400000
14	68400000	69040000
14	69040000	70360000
14	70560000	72000000
14	72040000	72480000
14	72600000	73600000
14	73840000	74360000
14	74360000	74640000
14	74640000	75080000
14	75200000	76360000
14	76400000	76640000
14	77360000	78440000
14	78440000	79560000
14	79560000	80680000
14	80720000	81040000
14	81080000	82640000
14	83040000	85600000
14	85600000	87440000
14	87480000	88000000
14	88120000	88480000
14	88560000	89800000
14	89800000	90320000
14	90440000	90720000
14	90840000	91560000
14	91640000	92240000
14	92360000	92720000
14	92760000	93840000
14	94200000	94960000
14	95080000	96080000
14	96080000	98960000
14	99040000	99720000
14	99800000	101240000
14	101240000	101480000
14	101480000	101880000
14	102040000	102600000
14	102600000	103080000
14	103080000	105040000
14	105040000	106240000
14	106240000	106368585
15	18240000	20120000
15	20320000	20840000
15	21160000	22920000
15	23280000	24680000
15	24680000	26240000
15	26800000	27680000
15	27760000	28200000
15	28680000	29240000
15	29280000	30240000
15	30680000	32120000
15	32120000	33040000
15	33040000	36000000
15	36040000	36520000
15	36520000	36760000
15	36800000	37680000
15	37840000	38400000
15	38520000	39440000
15	39640000	40000000
15	40040000	40560000
15	40760000	41400000
15	41440000	41880000
15	41880000	42640000
15	42640000	43200000
15	43200000	43520000
15	43720000	45240000
15	45240000	46440000
15	46440000	48400000
15	48440000	49600000
15	49720000	50200000
15	50240000	50800000
15	50840000	51840000
15	51840000	53240000
15	53280000	53960000
15	54320000	54520000
15	54560000	55400000
15	55400000	55640000
15	55800000	56280000
15	56280000	57000000
15	57040000	57760000
15	57760000	58560000
15	58600000	59000000
15	59200000	60400000
15	60400000	61200000
15	61680000	62200000
15	62240000	62760000
15	62800000	63360000
15	63400000	63960000
15	64000000	64640000
15	64640000	64960000
15	64960000	65400000
15	65520000	65920000
15	65920000	66280000
15	66320000	67000000
15	67120000	67520000
15	67520000	68600000
15	68960000	70280000
15	70360000	71360000
15	71400000	72000000
15	72040000	72440000
15	72440000	73400000
15	73400000	73760000
15	73760000	75000000
15	75080000	75960000
15	76000000	76360000
15	76360000	76840000
15	77000000	78480000
15	78480000	79360000
15	79480000	80400000
15	81000000	81480000
15	81680000	82600000
15	82880000	83560000
15	83600000	84040000
15	84160000	86800000
15	86840000	87560000
15	87680000	88600000
15	88640000	89280000
15	89360000	90400000
15	90440000	91320000
15	91360000	92480000
15	92680000	94680000
15	94760000	96160000
15	96240000	96800000
15	96800000	97440000
15	97600000	98120000
15	98200000	98960000
15	99000000	99640000
15	99640000	100200000
15	100200000	100338915
16	0	680000
16	680000	1080000
16	1080000	2040000
16	2120000	2720000
16	2720000	3040000
16	3040000	3480000
16	3480000	4440000
16	4440000	4640000
16	4640000	5080000
16	5080000	6640000
16	6640000	8560000
16	8560000	8880000
16	8880000	9120000
16	9120000	10240000
16	10240000	10920000
16	10920000	11400000
16	11400000	12280000
16	12280000	13920000
16	13920000	14680000
16	14920000	15080000
16	15360000	15560000
16	15560000	16200000
16	16520000	18040000
16	18680000	19440000
16	19440000	19800000
16	19800000	20360000
16	20360000	20720000
16	20720000	21080000
16	21080000	21320000
16	21440000	22320000
16	22440000	23000000
16	23000000	23360000
16	23360000	23960000
16	23960000	24480000
16	24480000	25160000
16	25160000	27400000
16	27400000	28280000
16	28400000	28520000
16	28720000	29200000
16	29520000	30080000
16	30240000	30600000
16	30600000	30880000
16	30880000	31400000
16	31400000	31880000
16	32280000	32600000
16	33360000	34000000
16	34000000	35080000
16	45000000	46800000
16	46800000	47240000
16	47240000	47960000
16	47960000	48640000
16	48640000	49400000
16	49400000	50600000
16	50600000	52120000
16	52120000	54000000
16	54000000	54520000
16	54520000	55000000
16	55000000	55560000
16	55560000	56120000
16	56120000	56800000
16	56800000	57360000
16	57360000	59600000
16	59720000	59960000
16	59960000	60760000
16	60760000	61920000
16	61920000	62680000
16	62680000	63720000
16	63720000	64960000
16	64960000	65240000
16	65240000	65800000
16	65800000	66560000
16	66560000	66960000
16	66960000	67920000
16	67920000	68760000
16	68840000	69280000
16	69280000	70240000
16	70240000	70640000
16	70640000	71840000
16	71840000	72920000
16	72920000	73280000
16	73280000	73760000
16	73760000	74200000
16	74200000	75280000
16	75280000	75800000
16	75800000	76200000
16	76200000	76680000
16	76680000	79120000
16	79120000	79600000
16	79600000	80480000
16	80480000	82080000
16	82080000	82560000
16	82560000	83080000
16	83080000	83680000
16	83680000	84320000
16	84320000	85120000
16	85120000	85920000
16	85920000	86280000
16	86280000	87320000
16	87320000	87840000
16	87840000	88280000
16	88280000	88827254
17	0	560000
17	600000	880000
17	1080000	2200000
17	2240000	2560000
17	2600000	3520000
17	3680000	4720000
17	5040000	6480000
17	6480000	7040000
17	7560000	7880000
17	8240000	8640000
17	8720000	9400000
17	9760000	10480000
17	10560000	11840000
17	12000000	12840000
17	12880000	15080000
17	15080000	15400000
17	15480000	15880000
17	16280000	16560000
17	16640000	17920000
17	18200000	18880000
17	19080000	19600000
17	19840000	20200000
17	20360000	22200000
17	22280000	23000000
17	23120000	23680000
17	23920000	24920000
17	24960000	25440000
17	25440000	26000000
17	26200000	27760000
17	27840000	29040000
17	29120000	29720000
17	29760000	30320000
17	30520000	31520000
17	31880000	33440000
17	33720000	35360000
17	35760000	37080000
17	37120000	38760000
17	38760000	39200000
17	39320000	40560000
17	40640000	40960000
17	41040000	41760000
17	42120000	43080000
17	43240000	44320000
17	44320000	45800000
17	45920000	46600000
17	46720000	50400000
17	50400000	52240000
17	52400000	53240000
17	53280000	53600000
17	53640000	53920000
17	53920000	54560000
17	54640000	55000000
17	55160000	55520000
17	55520000	56080000
17	56120000	56840000
17	57040000	57680000
17	57880000	59280000
17	59280000	60200000
17	60200000	61600000
17	61600000	62440000
17	62800000	63160000
17	63480000	64000000
17	64000000	64760000
17	64800000	66120000
17	66160000	68040000
17	68080000	68720000
17	68920000	69720000
17	69760000	70280000
17	70480000	71280000
17	71360000	71920000
17	72240000	72760000
17	73000000	73720000
17	73760000	74280000
17	74520000	74920000
17	75320000	76000000
17	76000000	77280000
17	77760000	78774742
18	40000	640000
18	640000	840000
18	840000	2560000
18	2600000	3240000
18	3240000	3680000
18	3680000	5080000
18	5080000	6520000
18	6520000	6920000
18	6920000	7200000
18	7200000	8520000
18	8600000	9520000
18	9520000	9920000
18	9920000	10520000
18	10560000	11600000
18	11640000	12080000
18	12080000	12240000
18	12240000	12720000
18	12720000	13000000
18	13000000	13800000
18	13800000	14120000
18	14120000	15400000
18	16840000	18600000
18	18600000	19320000
18	19320000	20000000
18	20000000	20320000
18	20320000	21760000
18	22200000	23600000
18	23600000	24760000
18	24800000	25680000
18	25680000	26120000
18	26120000	26800000
18	26800000	27360000
18	27360000	27960000
18	27960000	28400000
18	28520000	29000000
18	29040000	29560000
18	29600000	30160000
18	30160000	30680000
18	30840000	31840000
18	31840000	32640000
18	32720000	36240000
18	36240000	37840000
18	37840000	39440000
18	39440000	41440000
18	41480000	41960000
18	41960000	42800000
18	42800000	43520000
18	43520000	43800000
18	43800000	44240000
18	44240000	45240000
18	45240000	46200000
18	46240000	46880000
18	46880000	48720000
18	48800000	49960000
18	50160000	50480000
18	50480000	50800000
18	50880000	52480000
18	52480000	53440000
18	53440000	54320000
18	54320000	54600000
18	54600000	55040000
18	55240000	55680000
18	55720000	56400000
18	56440000	57360000
18	57360000	58000000
18	58000000	58800000
18	58800000	59320000
18	59320000	59800000
18	59800000	61600000
18	61720000	62360000
18	62360000	63000000
18	63040000	64600000
18	64600000	66280000
18	66280000	68480000
18	68480000	69960000
18	70000000	70400000
18	70400000	72240000
18	72240000	72640000
18	72640000	73560000
18	73560000	75240000
18	75240000	76117153
19	160000	840000
19	840000	1200000
19	1200000	1800000
19	1800000	3640000
19	3640000	3920000
19	3920000	4400000
19	4400000	5120000
19	5120000	5640000
19	5640000	7000000
19	7000000	7840000
19	7840000	8240000
19	8240000	8560000
19	8560000	9120000
19	9120000	10000000
19	10240000	10440000
19	10440000	10800000
19	10800000	11200000
19	11200000	11440000
19	11440000	12120000
19	12120000	12920000
19	12920000	13840000
19	13840000	14080000
19	14080000	14440000
19	14440000	15040000
19	15040000	15400000
19	15400000	16640000
19	16640000	17240000
19	17240000	18400000
19	18400000	18960000
19	18960000	19600000
19	19600000	21120000
19	21120000	21840000
19	21840000	24400000
19	32400000	34880000
19	34880000	35840000
19	35840000	37760000
19	37760000	38400000
19	38400000	38960000
19	38960000	39680000
19	39680000	40000000
19	40000000	40200000
19	40200000	40440000
19	40440000	41360000
19	41360000	42040000
19	42040000	42440000
19	42440000	43080000
19	43080000	43560000
19	43560000	44200000
19	44200000	44600000
19	44600000	45040000
19	45040000	45840000
19	45840000	46560000
19	46560000	46800000
19	46800000	47160000
19	47160000	47600000
19	47600000	47760000
19	47760000	48880000
19	48880000	50080000
19	50080000	50360000
19	50360000	50560000
19	50560000	50920000
19	50920000	51880000
19	51880000	52440000
19	52440000	52640000
19	52640000	53120000
19	53120000	53560000
19	53560000	53800000
19	53800000	54240000
19	54240000	54800000
19	54800000	55080000
19	55080000	55280000
19	55280000	55520000
19	55520000	56000000
19	56000000	56280000
19	56280000	57040000
19	57040000	58640000
19	58640000	58920000
19	58920000	59360000
19	59360000	60280000
19	60280000	60880000
19	60880000	61560000
19	61560000	63811651
20	0	680000
20	680000	1400000
20	1400000	2600000
20	2600000	3600000
20	4040000	4520000
20	4680000	5400000
20	5400000	6040000
20	6040000	7880000
20	7880000	8680000
20	8680000	9320000
20	9320000	9880000
20	9880000	10360000
20	10360000	11520000
20	11520000	14000000
20	14040000	16720000
20	16720000	17400000
20	17400000	17960000
20	18520000	19960000
20	19960000	20520000
20	20760000	21560000
20	21600000	22240000
20	22240000	23280000
20	23280000	23560000
20	23560000	25360000
20	25360000	26240000
20	26240000	28280000
20	29280000	29560000
20	29560000	30720000
20	30880000	32200000
20	32200000	32840000
20	32880000	33520000
20	33720000	34000000
20	34000000	34200000
20	34280000	35000000
20	35320000	35600000
20	35600000	37040000
20	37120000	39440000
20	39760000	41520000
20	41520000	42160000
20	42280000	43360000
20	43360000	44040000
20	44040000	44480000
20	44560000	44760000
20	44800000	45240000
20	45240000	45720000
20	45720000	46680000
20	46680000	47320000
20	47360000	48000000
20	48000000	48840000
20	49000000	49400000
20	49400000	49680000
20	49680000	50160000
20	50240000	51600000
20	51600000	52120000
20	52240000	52720000
20	52720000	54360000
20	54480000	55080000
20	55080000	55400000
20	55400000	56240000
20	56240000	56880000
20	56880000	57520000
20	57520000	57920000
20	57920000	59960000
20	59960000	60160000
20	60400000	61520000
20	61640000	62360000
21	9880000	10240000
21	13240000	14280000
21	14280000	16160000
21	16200000	17920000
21	17960000	18560000
21	18560000	21280000
21	21280000	23720000
21	24400000	25680000
21	26080000	27080000
21	27080000	28000000
21	28040000	29280000
21	29320000	30560000
21	30600000	31400000
21	31400000	31960000
21	31960000	32560000
21	32560000	32920000
21	32920000	33880000
21	33880000	34160000
21	34200000	34680000
21	34680000	34920000
21	34960000	36440000
21	36440000	36680000
21	36720000	37240000
21	37240000	38680000
21	38680000	39480000
21	39760000	40440000
21	40440000	41440000
21	41880000	42440000
21	42440000	42800000
21	42840000	43120000
21	43120000	43960000
21	44040000	44720000
21	44720000	45120000
21	45200000	45720000
21	45800000	46944323
22	15240000	16440000
22	16680000	17040000
22	17240000	18480000
22	19040000	19800000
22	20120000	20640000
22	20640000	22520000
22	22560000	23320000
22	23400000	24480000
22	24520000	25080000
22	25200000	25440000
22	25440000	26560000
22	26600000	28000000
22	28040000	29120000
22	29320000	30040000
22	30200000	30720000
22	30840000	31120000
22	31200000	31960000
22	32000000	33960000
22	34040000	35200000
22	35240000	36320000
22	36720000	37400000
22	37480000	38040000
22	38240000	39080000
22	39120000	40280000
22	40400000	40640000
22	40680000	41240000
22	41360000	41840000
22	41920000	42600000
22	42680000	43440000
22	43600000	45080000
22	45160000	45520000
22	45520000	47560000
22	47760000	48520000
22	48520000	49000000
22	49040000	49691432
X	2680000	3920000
X	3920000	5840000
X	5840000	7040000
X	7120000	7880000
X	7880000	8680000
X	8680000	10080000
X	10080000	11040000
X	11040000	11720000
X	11960000	12720000
X	12720000	13440000
X	13680000	13960000
X	13960000	15200000
X	15240000	16720000
X	16800000	17640000
X	17680000	18160000
X	18320000	19280000
X	19480000	20080000
X	20080000	21680000
X	21880000	23600000
X	23600000	24160000
X	24200000	24960000
X	25400000	25920000
X	26600000	27400000
X	27480000	30480000
X	30840000	32240000
X	32320000	34280000
X	34280000	35680000
X	35800000	37000000
X	37040000	38000000
X	38400000	40280000
X	40320000	41040000
X	41240000	43520000
X	43680000	44920000
X	44920000	46840000
X	46920000	47280000
X	47520000	48320000
X	48320000	48920000
X	49240000	50440000
X	50440000	50840000
X	50840000	51240000
X	51280000	52120000
X	52560000	52960000
X	52960000	55120000
X	55160000	56280000
X	56320000	56800000
X	56800000	58600000
X	61640000	62840000
X	62840000	64000000
X	64040000	64680000
X	64680000	65160000
X	65280000	65880000
X	65880000	67320000
X	67320000	67880000
X	67920000	68560000
X	68600000	69280000
X	69360000	70120000
X	70120000	70840000
X	70920000	71320000
X	71400000	71880000
X	72080000	73680000
X	73680000	75400000
X	75400000	77240000
X	77280000	78600000
X	78640000	79440000
X	79480000	79800000
X	79960000	83000000
X	83040000	84200000
X	84240000	84720000
X	84720000	86480000
X	86480000	87760000
X	87840000	88680000
X	88680000	90000000
X	90040000	90640000
X	90640000	91160000
X	91200000	91760000
X	91800000	92600000
X	92680000	93840000
X	93960000	95320000
X	95520000	98000000
X	98440000	99960000
X	99960000	100440000
X	100520000	102320000
X	102360000	102640000
X	102680000	103280000
X	103280000	105040000
X	105080000	105960000
X	106000000	107240000
X	107240000	107720000
X	107760000	108760000
X	108800000	109280000
X	109280000	109560000
X	109560000	110240000
X	110280000	110840000
X	110920000	111840000
X	111880000	112960000
X	113040000	113720000
X	113720000	114320000
X	114320000	114840000
X	114880000	117320000
X	117440000	118240000
X	118280000	118920000
X	118960000	119320000
X	119320000	119480000
X	119480000	122560000
X	122720000	123080000
X	123120000	124080000
X	124360000	125680000
X	125680000	128400000
X	128440000	129160000
X	129240000	129920000
X	129920000	130720000
X	130760000	131600000
X	131600000	133360000
X	133440000	133760000
X	134160000	134760000
X	134880000	135840000
X	136000000	136960000
X	137040000	137680000
X	137680000	138920000
X	138920000	139640000
X	139640000	142560000
X	142560000	143000000
X	143200000	144080000
X	144240000	145120000
X	145120000	146800000
X	146840000	148400000
X	148400000	149680000
X	149680000	150000000
X	150040000	150640000
X	150640000	151840000
X	151840000	152440000
X	152440000	153080000
X	153240000	153760000
X	153760000	154600000
